Signal Legend:

Key        Signal Name

0        = data_end
1        = rclk
2        = reset
3        = rx
4        = rx_
5        = ser
6        = srclk
7        = start
8        = start_end
9        = state.00
10       = state.01
11       = state.10
12       = state.11
13       = stop_end
14       = syncff0
15       = syncff1
16       = counter[13..0]
17       = data_cnt[2..0]
18       = rdat[7..0]

Data Table:

Signals-> 0 1 2 3 4 5 6 7 8 9 10 11 12 13 14 15 16    17 18        

sample

-16       0 0 1 1 1 0 0 0 0 1 0  0  0  0  1  1  0000h 0  00001101b 
-15       0 0 1 1 1 0 1 0 0 1 0  0  0  0  1  1  0000h 0  00001101b 
-14       0 0 1 1 1 0 0 0 0 1 0  0  0  0  1  1  0000h 0  00001101b 
-13       0 0 1 1 1 1 1 0 0 1 0  0  0  0  1  1  0000h 0  00001101b 
-12       0 0 1 1 1 1 0 0 0 1 0  0  0  0  1  1  0000h 0  00001101b 
-11       0 0 1 1 1 0 1 0 0 1 0  0  0  0  1  1  0000h 0  00001101b 
-10       0 0 1 1 1 0 0 0 0 1 0  0  0  0  1  1  0000h 0  00001101b 
-9        0 0 1 1 1 0 1 0 0 1 0  0  0  0  1  1  0000h 0  00001101b 
-8        0 0 1 1 1 0 0 0 0 1 0  0  0  0  1  1  0000h 0  00001101b 
-7        0 0 1 1 1 0 1 0 0 1 0  0  0  0  1  1  0000h 0  00001101b 
-6        0 0 1 1 1 0 0 0 0 1 0  0  0  0  1  1  0000h 0  00001101b 
-5        0 0 1 1 1 0 1 0 0 1 0  0  0  0  1  1  0000h 0  00001101b 
-4        0 0 1 1 1 0 0 0 0 1 0  0  0  0  1  1  0000h 0  00001101b 
-3        0 0 1 1 1 1 1 0 0 1 0  0  0  0  1  1  0000h 0  00001101b 
-2        0 0 1 1 1 1 0 0 0 1 0  0  0  0  1  1  0000h 0  00001101b 
-1        0 0 1 1 1 0 1 0 0 1 0  0  0  0  1  1  0000h 0  00001101b 
0         0 0 1 1 1 0 0 0 0 1 0  0  0  0  1  1  0000h 0  00001101b 
1         0 0 1 1 1 0 1 0 0 1 0  0  0  0  1  1  0000h 0  00001101b 
2         0 0 1 1 1 0 0 0 0 1 0  0  0  0  1  1  0000h 0  00001101b 
3         0 0 1 1 1 0 1 0 0 1 0  0  0  0  1  1  0000h 0  00001101b 
4         0 0 1 1 1 0 0 0 0 1 0  0  0  0  1  1  0000h 0  00001101b 
5         0 1 1 1 1 0 0 0 0 1 0  0  0  0  1  1  0000h 0  00001101b 
6         0 0 1 1 1 0 0 0 0 1 0  0  0  0  1  1  0000h 0  00001101b 
7         0 0 1 1 1 0 0 0 0 1 0  0  0  0  1  1  0000h 0  00001101b 
8         0 0 1 1 1 1 1 0 0 1 0  0  0  0  1  1  0000h 0  00001101b 
9         0 0 1 1 1 1 0 0 0 1 0  0  0  0  1  1  0000h 0  00001101b 
10        0 0 1 1 1 0 1 0 0 1 0  0  0  0  1  1  0000h 0  00001101b 
11        0 0 1 1 1 0 0 0 0 1 0  0  0  0  1  1  0000h 0  00001101b 
12        0 0 1 1 1 0 1 0 0 1 0  0  0  0  1  1  0000h 0  00001101b 
13        0 0 1 1 1 0 0 0 0 1 0  0  0  0  1  1  0000h 0  00001101b 
14        0 0 1 1 1 1 1 0 0 1 0  0  0  0  1  1  0000h 0  00001101b 
15        0 0 1 1 1 1 0 0 0 1 0  0  0  0  1  1  0000h 0  00001101b 
16        0 0 1 1 1 1 1 0 0 1 0  0  0  0  1  1  0000h 0  00001101b 
17        0 0 1 1 1 1 0 0 0 1 0  0  0  0  1  1  0000h 0  00001101b 
18        0 0 1 1 1 0 1 0 0 1 0  0  0  0  1  1  0000h 0  00001101b 
19        0 0 1 1 1 0 0 0 0 1 0  0  0  0  1  1  0000h 0  00001101b 
20        0 0 1 1 1 0 1 0 0 1 0  0  0  0  1  1  0000h 0  00001101b 
21        0 0 1 1 1 0 0 0 0 1 0  0  0  0  1  1  0000h 0  00001101b 
22        0 0 1 1 1 1 1 0 0 1 0  0  0  0  1  1  0000h 0  00001101b 
23        0 0 1 1 1 1 0 0 0 1 0  0  0  0  1  1  0000h 0  00001101b 
24        0 0 1 1 1 0 1 0 0 1 0  0  0  0  1  1  0000h 0  00001101b 
25        0 0 1 1 1 0 0 0 0 1 0  0  0  0  1  1  0000h 0  00001101b 
26        0 0 1 1 1 0 1 0 0 1 0  0  0  0  1  1  0000h 0  00001101b 
27        0 0 1 1 1 0 0 0 0 1 0  0  0  0  1  1  0000h 0  00001101b 
28        0 0 1 1 1 0 1 0 0 1 0  0  0  0  1  1  0000h 0  00001101b 
29        0 0 1 1 1 0 0 0 0 1 0  0  0  0  1  1  0000h 0  00001101b 
30        0 0 1 1 1 0 1 0 0 1 0  0  0  0  1  1  0000h 0  00001101b 
31        0 0 1 1 1 0 0 0 0 1 0  0  0  0  1  1  0000h 0  00001101b 
32        0 0 1 1 1 0 1 0 0 1 0  0  0  0  1  1  0000h 0  00001101b 
33        0 0 1 1 1 0 0 0 0 1 0  0  0  0  1  1  0000h 0  00001101b 
34        0 0 1 1 1 1 1 0 0 1 0  0  0  0  1  1  0000h 0  00001101b 
35        0 0 1 1 1 1 0 0 0 1 0  0  0  0  1  1  0000h 0  00001101b 
36        0 0 1 1 1 0 1 0 0 1 0  0  0  0  1  1  0000h 0  00001101b 
37        0 0 1 1 1 0 0 0 0 1 0  0  0  0  1  1  0000h 0  00001101b 
38        0 0 1 1 1 0 1 0 0 1 0  0  0  0  1  1  0000h 0  00001101b 
39        0 0 1 1 1 0 0 0 0 1 0  0  0  0  1  1  0000h 0  00001101b 
40        0 1 1 1 1 0 0 0 0 1 0  0  0  0  1  1  0000h 0  00001101b 
41        0 0 1 1 1 0 0 0 0 1 0  0  0  0  1  1  0000h 0  00001101b 
42        0 0 1 1 1 0 0 0 0 1 0  0  0  0  1  1  0000h 0  00001101b 
43        0 0 1 1 1 1 1 0 0 1 0  0  0  0  1  1  0000h 0  00001101b 
44        0 0 1 1 1 1 0 0 0 1 0  0  0  0  1  1  0000h 0  00001101b 
45        0 0 1 1 1 0 1 0 0 1 0  0  0  0  1  1  0000h 0  00001101b 
46        0 0 1 1 1 0 0 0 0 1 0  0  0  0  1  1  0000h 0  00001101b 
47        0 0 1 1 1 0 1 0 0 1 0  0  0  0  1  1  0000h 0  00001101b 
48        0 0 1 1 1 0 0 0 0 1 0  0  0  0  1  1  0000h 0  00001101b 
49        0 0 1 1 1 1 1 0 0 1 0  0  0  0  1  1  0000h 0  00001101b 
50        0 0 1 1 1 1 0 0 0 1 0  0  0  0  1  1  0000h 0  00001101b 
51        0 0 1 1 1 1 1 0 0 1 0  0  0  0  1  1  0000h 0  00001101b 
52        0 0 1 1 1 1 0 0 0 1 0  0  0  0  1  1  0000h 0  00001101b 
53        0 0 1 1 1 0 1 0 0 1 0  0  0  0  1  1  0000h 0  00001101b 
54        0 0 1 1 1 0 0 0 0 1 0  0  0  0  1  1  0000h 0  00001101b 
55        0 0 1 1 1 0 1 0 0 1 0  0  0  0  1  1  0000h 0  00001101b 
56        0 0 1 1 1 0 0 0 0 1 0  0  0  0  1  1  0000h 0  00001101b 
57        0 0 1 1 1 1 1 0 0 1 0  0  0  0  1  1  0000h 0  00001101b 
58        0 0 1 1 1 1 0 0 0 1 0  0  0  0  1  1  0000h 0  00001101b 
59        0 0 1 1 1 0 1 0 0 1 0  0  0  0  1  1  0000h 0  00001101b 
60        0 0 1 1 1 0 0 0 0 1 0  0  0  0  1  1  0000h 0  00001101b 
61        0 0 1 1 1 0 1 0 0 1 0  0  0  0  1  1  0000h 0  00001101b 
62        0 0 1 1 1 0 0 0 0 1 0  0  0  0  1  1  0000h 0  00001101b 
63        0 0 1 1 1 0 1 0 0 1 0  0  0  0  1  1  0000h 0  00001101b 
64        0 0 1 1 1 0 0 0 0 1 0  0  0  0  1  1  0000h 0  00001101b 
65        0 0 1 1 1 0 1 0 0 1 0  0  0  0  1  1  0000h 0  00001101b 
66        0 0 1 1 1 0 0 0 0 1 0  0  0  0  1  1  0000h 0  00001101b 
67        0 0 1 1 1 0 1 0 0 1 0  0  0  0  1  1  0000h 0  00001101b 
68        0 0 1 1 1 0 0 0 0 1 0  0  0  0  1  1  0000h 0  00001101b 
69        0 0 1 1 1 0 1 0 0 1 0  0  0  0  1  1  0000h 0  00001101b 
70        0 0 1 1 1 0 0 0 0 1 0  0  0  0  1  1  0000h 0  00001101b 
71        0 0 1 1 1 1 1 0 0 1 0  0  0  0  1  1  0000h 0  00001101b 
72        0 0 1 1 1 1 0 0 0 1 0  0  0  0  1  1  0000h 0  00001101b 
73        0 0 1 1 1 0 1 0 0 1 0  0  0  0  1  1  0000h 0  00001101b 
74        0 0 1 1 1 0 0 0 0 1 0  0  0  0  1  1  0000h 0  00001101b 
75        0 1 1 1 1 0 0 0 0 1 0  0  0  0  1  1  0000h 0  00001101b 
76        0 0 1 1 1 0 0 0 0 1 0  0  0  0  1  1  0000h 0  00001101b 
77        0 0 1 1 1 0 0 0 0 1 0  0  0  0  1  1  0000h 0  00001101b 
78        0 0 1 1 1 1 1 0 0 1 0  0  0  0  1  1  0000h 0  00001101b 
79        0 0 1 1 1 1 0 0 0 1 0  0  0  0  1  1  0000h 0  00001101b 
80        0 0 1 1 1 0 1 0 0 1 0  0  0  0  1  1  0000h 0  00001101b 
81        0 0 1 1 1 0 0 0 0 1 0  0  0  0  1  1  0000h 0  00001101b 
82        0 0 1 1 1 0 1 0 0 1 0  0  0  0  1  1  0000h 0  00001101b 
83        0 0 1 1 1 0 0 0 0 1 0  0  0  0  1  1  0000h 0  00001101b 
84        0 0 1 1 1 1 1 0 0 1 0  0  0  0  1  1  0000h 0  00001101b 
85        0 0 1 1 1 1 0 0 0 1 0  0  0  0  1  1  0000h 0  00001101b 
86        0 0 1 1 1 1 1 0 0 1 0  0  0  0  1  1  0000h 0  00001101b 
87        0 0 1 1 1 1 0 0 0 1 0  0  0  0  1  1  0000h 0  00001101b 
88        0 0 1 1 1 0 1 0 0 1 0  0  0  0  1  1  0000h 0  00001101b 
89        0 0 1 1 1 0 0 0 0 1 0  0  0  0  1  1  0000h 0  00001101b 
90        0 0 1 1 1 0 1 0 0 1 0  0  0  0  1  1  0000h 0  00001101b 
91        0 0 1 1 1 0 0 0 0 1 0  0  0  0  1  1  0000h 0  00001101b 
92        0 0 1 1 1 1 1 0 0 1 0  0  0  0  1  1  0000h 0  00001101b 
93        0 0 1 1 1 1 0 0 0 1 0  0  0  0  1  1  0000h 0  00001101b 
94        0 0 1 1 1 0 1 0 0 1 0  0  0  0  1  1  0000h 0  00001101b 
95        0 0 1 1 1 0 0 0 0 1 0  0  0  0  1  1  0000h 0  00001101b 
96        0 0 1 1 1 0 1 0 0 1 0  0  0  0  1  1  0000h 0  00001101b 
97        0 0 1 1 1 0 0 0 0 1 0  0  0  0  1  1  0000h 0  00001101b 
98        0 0 1 1 1 0 1 0 0 1 0  0  0  0  1  1  0000h 0  00001101b 
99        0 0 1 1 1 0 0 0 0 1 0  0  0  0  1  1  0000h 0  00001101b 
100       0 0 1 1 1 0 1 0 0 1 0  0  0  0  1  1  0000h 0  00001101b 
101       0 0 1 1 1 0 0 0 0 1 0  0  0  0  1  1  0000h 0  00001101b 
102       0 0 1 1 1 0 1 0 0 1 0  0  0  0  1  1  0000h 0  00001101b 
103       0 0 1 1 1 0 0 0 0 1 0  0  0  0  1  1  0000h 0  00001101b 
104       0 0 1 1 1 0 1 0 0 1 0  0  0  0  1  1  0000h 0  00001101b 
105       0 0 1 1 1 0 0 0 0 1 0  0  0  0  1  1  0000h 0  00001101b 
106       0 0 1 1 1 0 1 0 0 1 0  0  0  0  1  1  0000h 0  00001101b 
107       0 0 1 1 1 0 0 0 0 1 0  0  0  0  1  1  0000h 0  00001101b 
108       0 0 1 1 1 1 1 0 0 1 0  0  0  0  1  1  0000h 0  00001101b 
109       0 0 1 1 1 1 0 0 0 1 0  0  0  0  1  1  0000h 0  00001101b 
110       0 1 1 1 1 1 0 0 0 1 0  0  0  0  1  1  0000h 0  00001101b 
111       0 0 1 1 1 0 1 0 0 1 0  0  0  0  1  1  0000h 0  00001101b 
